0 1 2 3 4 5 6 7 8 9   ( ) + * / - . ^
0 0 1
0 1 1
0 2 1
0 3 1
0 4 1
0 5 1
0 6 1
0 7 1
0 8 1
0 9 1
0 ( 4
0 - 16
1 0 1
1 1 1
1 2 1
1 3 1
1 4 1
1 5 1
1 6 1
1 7 1
1 8 1
1 9 1
1   2
1 . 14
2 + 3
2 - 3
2 * 3
2 / 3
2 ^ 3
3   0
4   5
5 0 6
5 1 6
5 2 6
5 3 6
5 4 6
5 5 6
5 6 6
5 7 6
5 8 6
5 9 6
5 - 17
6 0 6
6 1 6
6 2 6
6 3 6
6 4 6
6 5 6
6 6 6
6 7 6
6 8 6
6 9 6
6   7
6 . 15
7 + 8
7 - 8
7 * 8
7 / 8
7 ^ 8
7 ) 12
8   9
9 0 10
9 1 10
9 2 10
9 3 10
9 4 10
9 5 10
9 6 10
9 7 10
9 8 10
9 9 10
9 ( 4
10 0 10
10 1 10
10 2 10
10 3 10
10 4 10
10 5 10
10 6 10
10 7 10
10 8 10
10 9 10
10   11
10 . 16
11 ) 12
11 + 8
11 - 8
11 * 8
11 / 8
11 ^ 8
12   13
13 + 3
13 - 3
13 * 3
13 / 3
13 ^ 3
13 ) 12
14 0 1
14 1 1
14 2 1
14 3 1
14 4 1
14 5 1
14 6 1
14 7 1
14 8 1
14 9 1
15 0 6
15 1 6
15 2 6
15 3 6
15 4 6
15 5 6
15 6 6
15 7 6
15 8 6
15 9 6
16 0 1
16 1 1
16 2 1
16 3 1
16 4 1
16 5 1
16 6 1
16 7 1
16 8 1
16 9 1
17 0 6
17 1 6
17 2 6
17 3 6
17 4 6
17 5 6
17 6 6
17 7 6
17 8 6
17 9 6
